950 : 0 : [[-0.27, 0.2, 0.76, -0.7, -0.08, -0.66], [0.67, 0.5, -0.41, 0.35, 0.72, -0.29], [-0.69, -0.76, -0.71, -0.83, -0.65, -0.32], [-0.67, -0.58, 0.32, 0.48, -0.29, -0.62], [0.36, -0.45, 0.37, 0.06, 0.71, -0.87], [-0.69, -0.33, 0.8, -0.9, -0.84, 0.6], [0.9, -0.82, 0.4, 0.85, -0.82, -0.89], [-0.79, 0.06, -0.34, 0.71, 0.63, -0.61]]
943 : 1 : [[0.12, 0.03, 0.42, -0.94, -0.23, -0.07], [-0.94, 0.48, 0.26, 0.34, 0.59, -0.87], [0.29, -0.49, 0.05, -0.16, 0.73, -0.97], [0.95, -0.82, -0.61, -0.05, 0.83, 0.91], [0.77, -0.97, -0.19, -0.26, 0.65, -0.99], [-0.83, 0.43, 0.67, 0.94, -0.68, -0.48], [0.28, 0.16, 0.75, -0.21, -0.21, -0.57], [-0.1, 0.44, -0.5, -0.07, -0.48, 0.5]]
720 : 2 : [[-0.26, -0.61, -0.24, 0.53, -0.56, 0.01], [0.73, 0.56, -0.72, -0.34, 0.4, 0.57], [-0.08, 0.64, -0.74, 0.14, -0.17, 0.86], [-0.11, 0.05, 0.61, 0.02, -0.72, 0.88], [0.41, 0.93, 0.75, 0.03, 0.85, 0.11], [-0.87, -0.85, 0.66, 0.68, 0.44, -0.99], [-0.99, 0.76, -0.5, 0.72, -0.13, -0.72], [-0.82, -0.71, 0.25, -0.11, 0.31, 0.49]]
572 : 3 : [[0.75, -0.81, -0.77, -0.91, -0.98, 0.1], [-0.83, -0.31, -0.94, 0.57, -0.44, -0.07], [0.87, 0.81, 0.67, -0.5, 0.48, 0.81], [0.13, 0.9, 0.29, 0.32, -0.98, 0.4], [-0.62, 0.02, 0.6, 0.42, -0.99, -0.88], [-0.04, 0.17, -0.91, 0.6, -0.62, 0.99], [-0.58, 0.86, 0.64, 0.44, 0.57, 0.3], [-0.09, -0.29, 0.87, 0.55, -0.2, -0.33]]
349 : 4 : [[-0.02, 0.67, -0.79, 0.23, -0.11, -0.56], [0.28, 0.11, -0.07, -0.49, -0.03, 0.1], [-0.22, 0.22, -0.71, 0.64, -0.32, 0.25], [0.04, -0.52, 0.15, 0.73, -0.61, -0.12], [0.49, 0.32, 0.95, 0.77, 0.58, 0.64], [0.46, 0.74, 0.23, 0.24, 0.43, -0.96], [-0.96, 0.66, -0.66, 0.85, -0.12, -0.68], [0.22, 0.67, -0.76, 0.01, -0.78, 0.04]]
1401 : 5 : [[-0.16, -0.45, 0.63, -0.69, 0.77, -0.01], [0.76, -0.67, 0.8, -0.28, 0.01, 0.42], [0.28, 0.73, 0.38, 0.28, -0.97, -0.13], [0.24, 0.43, 0.27, 0.73, 0.14, -0.3], [-0.64, -0.52, 0.49, 0.49, 0.7, 0.29], [0.98, -0.8, 0.72, -0.27, 0.3, 0.21], [0.61, 0.75, -0.2, 0.99, 0.4, -0.82], [0.0, -0.25, -0.8, 0.31, -0.48, -0.09]]
538 : 6 : [[0.41, 0.57, 0.75, 0.5, -0.79, -0.72], [-0.95, 0.78, 0.87, -0.77, 0.2, -0.54], [0.45, 0.48, -0.26, 0.88, -0.74, -0.85], [-0.18, 0.54, -0.7, 0.5, 0.26, -0.38], [0.71, 0.56, 0.96, 0.96, 0.1, 0.04], [-0.01, 0.25, 0.03, 0.93, 0.0, 0.17], [0.07, 0.37, 0.34, -0.67, -0.66, -0.66], [-0.61, -0.48, 0.68, 0.77, 0.26, 0.97]]
1175 : 7 : [[0.21, 0.34, 0.41, -0.3, 0.01, -0.55], [0.17, 0.15, -0.64, 0.8, 0.29, 0.16], [0.47, -0.75, -0.88, -0.19, 0.48, -0.76], [-0.53, -0.98, 0.48, -0.46, 0.31, -0.12], [-0.31, 0.73, -0.24, -0.41, 0.4, 0.8], [0.98, 0.29, 0.73, 0.77, -0.59, -0.2], [0.7, 0.74, -0.36, -0.28, -0.81, -0.38], [0.44, -1.0, 0.99, 0.14, 0.32, -0.49]]
243 : 8 : [[0.6, 0.09, -0.07, -0.93, 0.01, 0.92], [-0.54, -0.26, -0.43, 0.06, 0.97, 0.05], [0.04, -0.36, 0.73, 0.58, -0.9, 0.73], [-0.51, -0.87, 0.04, -0.46, -0.24, 0.07], [0.16, 0.33, 0.4, -0.56, 0.01, 0.11], [0.56, 0.43, -0.29, -0.88, -0.44, -1.0], [0.37, 0.87, 0.16, -0.73, 0.76, -0.69], [-0.23, 0.91, -0.51, -0.97, 0.13, 0.43]]
645 : 9 : [[0.96, 0.65, 0.06, -0.84, 0.08, -0.75], [0.89, 0.91, 0.54, 0.73, -0.11, -0.49], [-0.59, 0.48, -0.57, 0.22, 0.41, -0.58], [0.35, -0.73, -0.55, -0.97, -0.52, -0.53], [-0.45, 0.12, -0.68, -0.8, 0.7, -0.05], [0.64, 0.35, 0.19, -0.47, -0.13, -0.94], [0.61, -0.89, 0.43, -0.04, -0.65, -0.97], [0.88, -0.18, 0.45, -0.95, 0.0, 0.82]]
933 : 10 : [[0.66, 0.38, -0.81, -0.11, -0.48, 0.48], [-0.84, 0.22, -0.73, 0.12, 0.79, -0.5], [0.36, 0.05, -0.41, 0.09, 0.27, -0.5], [0.16, 0.31, 0.72, 0.28, -0.63, 0.86], [-0.9, 0.78, -0.45, -0.24, -0.14, -0.62], [0.86, 0.77, 0.42, -0.59, -0.5, 0.85], [-0.25, -0.66, 0.74, -0.52, -0.46, 0.79], [-0.27, 0.66, 0.67, -0.07, -0.99, 0.22]]
1255 : 11 : [[-0.6, 0.36, 0.65, 0.54, 0.44, 0.72], [-0.48, 0.38, 0.07, 0.9, 0.44, 0.26], [-0.77, -0.34, -0.9, -0.62, 0.77, 0.46], [-0.69, 0.17, -0.7, -0.04, 0.35, -0.46], [0.9, 0.5, -0.7, -0.64, 0.46, -0.85], [0.0, 0.63, -0.54, 0.05, 0.51, 0.2], [-0.67, -0.5, -1.0, 0.54, 0.94, -0.4], [-0.81, -0.48, 0.81, 0.83, -0.76, -0.03]]
1163 : 12 : [[-0.09, 0.37, -0.14, 0.06, -0.12, -0.48], [-0.93, 0.26, -0.95, -0.88, 0.99, -0.05], [-0.79, 0.07, -0.78, 0.89, 0.25, -0.81], [-0.95, -0.11, 0.01, -0.44, 0.25, 0.84], [0.23, -0.36, -0.34, 0.38, -0.29, -0.53], [0.27, -0.06, -0.36, -0.73, 0.4, 0.16], [-0.71, 0.29, -0.34, -0.54, -0.84, 0.62], [0.42, -0.56, 0.25, 0.17, -0.96, 0.3]]
478 : 13 : [[-0.75, -0.5, 0.63, -0.51, -0.14, -0.84], [0.9, -0.53, -0.18, 0.72, 0.79, 0.79], [0.18, 0.28, -0.96, 0.45, -0.16, -0.09], [-0.17, -0.06, -0.5, -0.9, 0.07, 0.13], [-0.48, 0.87, 0.29, -0.14, -0.22, 0.93], [-0.18, 0.04, 0.9, -0.35, 0.65, -0.97], [0.36, 0.44, 0.77, 0.47, -0.41, -0.13], [0.93, -0.88, -0.91, 0.24, 0.88, 0.91]]
260 : 14 : [[0.8, -0.54, 0.46, -0.79, -0.89, -0.24], [0.43, 0.31, 0.88, -0.01, -0.64, -0.5], [-0.33, 0.87, -0.25, -0.66, -0.99, 0.32], [-0.28, 0.31, 0.52, -0.34, -0.52, 0.76], [0.22, -0.58, 0.21, -0.2, 0.06, 0.6], [-0.04, 0.06, -0.82, -0.05, -0.18, -0.72], [-0.17, 0.08, 0.14, -0.44, -0.33, -0.29], [-0.91, 0.56, -0.75, -0.06, 0.48, -0.23]]
60 : 15 : [[0.8, -1.0, -0.53, -0.85, -0.67, 0.07], [0.36, -0.58, 0.71, 0.95, -0.62, -0.63], [0.25, 0.04, 0.83, -1.0, -0.81, 0.78], [-0.03, 0.21, -0.37, 0.64, -0.2, -0.79], [-0.13, -0.18, -0.62, 0.36, 0.55, 0.36], [0.05, 0.63, -0.08, 0.92, 0.11, 0.61], [-1.0, -0.13, 0.08, 0.26, -0.58, 0.89], [0.56, -0.96, 0.91, -0.68, -0.08, -0.96]]
390 : 16 : [[-0.01, 0.48, 0.3, -0.95, -0.98, -0.51], [0.73, -0.16, -0.66, 0.52, -0.7, -0.19], [0.18, -0.41, 0.98, 0.45, 0.09, 0.77], [-0.98, -0.79, 0.61, -0.18, 0.78, -0.29], [0.8, 0.97, 0.03, -0.08, -0.01, -0.56], [0.54, -0.82, -0.21, 0.68, -0.99, 0.59], [-0.35, -0.61, -0.64, -0.65, 0.06, 0.66], [-0.94, -0.48, 0.25, 0.72, -0.69, 0.0]]
871 : 17 : [[0.88, 0.74, 0.58, 0.13, 0.58, 0.04], [-0.96, 0.76, 0.79, 0.98, -0.56, -0.69], [0.02, -0.28, -0.22, 0.02, -0.91, -0.65], [-0.58, 0.13, 0.67, 0.46, 0.86, -0.79], [0.62, 0.84, -0.03, 0.64, 0.33, -0.68], [-0.05, -0.53, 0.47, 0.07, 0.1, 0.35], [0.1, 0.33, 0.59, 0.75, 0.88, 0.73], [0.58, -0.1, 0.08, 0.83, 0.64, -0.39]]
1230 : 18 : [[-0.7, 0.84, 0.06, 0.04, 0.29, -0.95], [0.23, -0.38, 0.5, 0.61, -0.49, 0.74], [-0.59, -0.83, 0.08, -0.86, 0.03, 0.57], [0.03, -0.57, -0.81, -0.71, 0.51, 0.44], [-0.81, 0.01, 0.37, 0.2, -1.0, 0.75], [-0.05, 0.13, -0.17, 0.8, 0.48, 0.35], [0.06, -0.14, -0.49, -0.5, -0.51, 0.81], [0.6, 0.58, -0.46, -0.48, 0.6, -0.15]]
1165 : 19 : [[0.25, 0.75, -0.4, -0.33, -0.58, 0.39], [0.83, -0.31, 0.41, -0.98, -0.75, 0.9], [0.74, -0.82, 0.41, 0.36, 0.54, 0.53], [-0.07, -0.64, -0.61, 0.28, 0.09, -0.94], [0.61, 0.68, 0.81, -0.13, 0.83, -0.63], [0.43, 0.2, 0.83, 0.58, -0.03, -0.27], [0.26, -0.15, 0.17, -0.17, -0.48, -0.11], [0.07, 0.36, -0.08, 0.5, -1.0, 0.25]]
369 : 20 : [[0.93, 0.02, -0.21, 0.12, 0.87, 0.1], [0.9, -0.24, -0.43, 0.43, 0.24, 0.9], [0.69, 0.28, 0.67, 0.24, 0.15, -0.31], [0.06, 0.85, -0.09, -0.07, 0.63, -0.37], [-0.79, 0.33, -0.18, 0.13, 0.95, 0.41], [0.09, 0.16, 0.38, 0.0, -0.28, -0.74], [-0.25, 0.9, 0.46, 0.62, -0.39, -0.22], [-0.96, 0.11, 0.43, -0.6, -0.98, 0.39]]
639 : 21 : [[0.87, -0.84, 0.55, 0.04, -0.05, 0.69], [-0.06, -0.56, -0.71, -0.33, -0.9, -0.94], [-0.43, -0.16, -0.6, 0.61, 0.15, 0.77], [-0.24, 0.16, -0.34, 0.62, -0.31, 0.15], [0.61, -0.2, 0.42, -0.38, 0.66, 0.47], [-0.07, -0.73, -0.55, 0.08, 0.69, -0.26], [-0.65, -0.97, -0.43, -0.46, -0.22, -0.54], [0.2, 0.39, -0.26, 0.11, -0.48, -0.76]]
245 : 22 : [[0.26, 0.45, 0.49, -0.97, 0.65, 0.67], [-0.49, 0.07, 0.45, 0.77, 0.92, 0.18], [-0.58, 0.88, -0.88, -0.69, -0.81, 0.8], [0.83, 0.39, -0.14, 0.6, 0.38, -0.51], [-0.62, 0.3, 0.59, 0.48, -0.03, -0.9], [0.9, 0.1, -0.19, -0.61, 0.69, 0.38], [0.36, -0.11, -0.13, -0.94, 0.05, 0.49], [0.01, -0.97, -0.38, -0.7, 0.95, -0.25]]
49 : 23 : [[-0.97, 0.01, 0.22, 0.18, 0.77, 0.24], [0.55, 0.37, 0.59, -0.08, 0.79, 0.48], [-0.33, -0.67, 0.86, 0.97, 0.1, -0.77], [0.55, -0.78, 0.98, -0.8, 0.98, 0.36], [0.89, 0.78, 0.13, -0.25, 0.42, -0.46], [0.33, -0.09, -0.2, -0.66, 0.89, -0.84], [0.47, -0.89, -0.35, -0.66, -0.93, -0.44], [-0.52, 0.27, -0.25, -1.0, 0.64, 0.55]]
701 : 24 : [[0.63, 0.58, -0.05, 0.87, -0.56, 0.16], [0.88, 0.58, -0.43, 0.69, -0.52, 0.44], [-0.29, -0.27, 0.76, 0.4, 0.97, 0.99], [-0.32, -0.63, 0.41, 0.37, 0.92, -0.75], [0.52, -0.28, 0.23, -0.73, -0.62, -0.97], [-0.6, -0.17, 0.47, -0.37, 0.78, 0.88], [-0.63, 0.97, -0.15, -0.66, -0.19, 0.92], [0.19, -0.54, -0.47, -0.75, 0.02, -1.0]]
986 : 25 : [[-0.2, -0.67, -0.57, -0.04, -0.46, 0.14], [-0.81, -0.04, 0.36, -0.98, 0.03, -0.74], [-0.12, 0.01, 0.13, 0.61, -0.34, 0.11], [-0.37, 0.02, 0.73, 0.71, 0.16, 0.7], [0.05, 0.78, -0.59, 0.47, 0.63, 0.15], [0.87, -0.87, -0.88, 0.79, -0.62, -0.62], [-0.68, 0.46, 0.12, 0.25, -0.59, -0.34], [-1.0, -1.0, -0.16, 0.56, -0.08, -0.67]]
837 : 26 : [[-0.41, -0.35, 0.78, -0.47, -0.83, -0.19], [0.51, 0.85, -0.47, -0.08, 0.55, 0.53], [-0.86, -0.25, -0.79, 0.42, 0.17, 0.62], [0.22, -0.58, -0.61, -0.64, -0.11, 0.55], [0.29, 0.71, -0.18, 0.23, 0.9, 0.62], [-0.79, -0.52, -0.24, 0.93, -0.52, -0.72], [-0.71, 0.81, -0.04, -0.01, -0.11, -0.35], [0.11, 0.0, 0.05, -0.87, 0.82, 0.19]]
951 : 27 : [[0.5, 0.69, 0.14, -0.11, 0.44, 0.34], [0.47, 0.43, 0.39, 0.77, -0.5, 0.64], [-0.81, 0.41, -0.04, 0.84, 0.04, 0.72], [0.39, -0.76, -0.16, -0.19, 0.55, -0.32], [0.78, 0.57, 0.15, 0.54, -0.91, 0.89], [0.8, -0.64, 0.57, -0.4, -0.65, -0.85], [0.03, -0.98, 0.54, 0.31, 0.06, -0.67], [-0.97, 0.22, 0.9, -0.05, -0.83, 0.43]]
1249 : 28 : [[0.31, 0.65, -0.91, 0.97, -0.01, -0.17], [-0.22, 0.21, 0.06, -0.39, 0.31, 0.81], [-0.67, -0.7, 0.2, -0.43, -0.79, -0.44], [-0.61, 0.84, 0.11, -0.07, -0.83, 0.24], [0.48, 0.9, -0.18, 0.27, 0.65, 0.89], [-0.17, 0.6, -0.19, 0.12, -0.46, 0.26], [-0.95, 0.65, 0.87, 0.48, 0.34, 0.56], [0.85, -0.19, 0.02, 0.26, 0.13, -0.73]]
1319 : 29 : [[-0.58, -0.6, 0.48, 0.83, -0.4, -0.48], [0.73, 0.83, -0.48, 0.64, -0.83, -0.68], [-0.59, 0.63, 0.55, 0.83, -0.54, 0.3], [-0.56, 0.36, -0.85, 0.8, -0.12, -0.97], [0.3, 0.43, -0.01, -0.41, 0.39, -0.04], [-0.34, -0.56, -1.0, 0.45, -0.38, 0.93], [0.79, 0.53, -0.66, 0.35, 0.34, 0.92], [-0.86, 0.29, 0.68, -0.23, 0.01, -0.12]]
1221 : 30 : [[0.25, 0.51, 0.05, -0.61, 0.49, 0.0], [-0.37, -0.11, -0.73, 0.29, 0.16, -0.13], [-0.39, 0.03, -0.94, -0.58, 0.47, 0.42], [0.75, -0.11, 0.92, -0.99, -0.88, 0.52], [-0.86, -0.95, 0.57, -0.47, -0.78, -0.69], [-0.95, -0.04, 0.0, -0.91, -0.44, 0.26], [0.37, -0.59, 0.4, -0.42, 0.47, 0.99], [-0.6, 0.53, 0.59, -1.0, 0.14, 0.36]]
972 : 31 : [[-0.05, 0.32, -0.71, 0.08, -0.14, 0.28], [-0.37, -0.62, -0.93, -1.0, -0.28, 0.61], [0.1, 0.01, -0.86, -0.75, -0.94, -0.93], [0.82, -0.66, -0.9, 0.27, 0.01, 0.7], [-0.77, 0.32, -0.08, -0.32, 0.1, 0.92], [0.7, -0.42, -0.92, -0.71, -0.57, -0.06], [-0.98, -0.74, 0.98, -0.15, 0.67, -0.88], [0.41, 0.37, -0.55, 0.31, 0.97, 0.61]]
155 : 32 : [[0.51, 0.54, -0.63, 0.67, -0.1, -0.26], [-0.32, -0.15, 0.32, 0.08, 0.15, -0.47], [-0.78, 0.93, 0.53, -0.16, -0.74, 0.92], [0.57, -0.34, -0.37, -0.26, 0.1, 0.93], [0.61, -0.94, 0.99, -0.04, -0.94, 0.24], [0.5, 0.47, 0.79, 0.68, -0.73, 0.84], [0.17, 0.34, 0.1, -0.2, -0.96, -0.48], [0.45, -0.68, 0.46, 0.2, 0.73, -0.17]]
-19 : 33 : [[0.61, 0.1, -0.04, -0.86, 0.46, 0.98], [-0.73, 0.03, -0.59, 0.93, 0.94, 0.95], [-0.86, -0.78, -0.07, 0.39, -0.61, 0.33], [0.72, -0.66, 0.12, -0.54, 0.11, 0.41], [-0.31, -0.21, -0.09, 0.44, 0.82, -0.43], [0.84, -0.51, 0.29, 0.26, 0.43, 0.15], [-0.22, 0.69, 0.69, 0.54, 0.95, 0.85], [-0.65, -0.55, 0.84, 0.79, -0.7, 0.49]]
855 : 34 : [[0.17, 0.07, 0.78, -0.2, 0.35, 0.84], [0.79, -0.5, 0.21, -0.75, -0.25, 0.38], [0.59, 0.04, 0.99, 0.4, 0.82, 0.21], [-0.14, -0.68, 0.76, 0.9, 0.0, 0.9], [0.55, -0.17, -0.15, 0.87, 0.69, -0.11], [-0.96, 0.41, -0.34, 0.21, 0.79, -0.92], [0.89, 0.98, 0.73, 0.7, -0.38, -0.37], [0.75, 0.13, -0.59, -0.84, -0.14, -0.37]]
553 : 35 : [[0.96, -0.23, 0.14, 0.67, 0.23, -0.66], [0.67, -0.05, 0.17, 0.7, 0.56, 0.13], [-0.96, 0.38, 0.96, 0.12, 0.3, -0.52], [-0.5, 0.15, 0.42, 0.73, 0.38, -0.67], [0.74, -0.23, 0.47, -0.5, 0.19, 0.67], [-0.6, 0.34, -0.36, -0.87, 0.1, -0.8], [-0.72, 0.94, 0.91, -0.59, -0.23, 0.62], [0.56, 0.07, -0.54, -0.17, 0.38, 0.84]]
555 : 36 : [[-0.03, 0.18, 0.56, -1.0, -0.84, -0.26], [0.34, -0.08, -0.85, 0.57, -0.83, -0.59], [-0.15, -0.52, 0.22, -0.71, 0.08, 0.98], [0.66, 0.41, 0.74, -0.04, 0.92, -0.12], [0.91, -0.28, 0.7, 0.72, -0.18, -0.6], [-0.42, 0.79, 0.8, 0.67, -0.17, -0.27], [-0.88, -0.53, -0.15, -0.95, -0.56, 0.1], [0.43, -0.98, -0.75, -0.06, -0.03, 0.6]]
798 : 37 : [[-0.15, -0.33, 0.66, -0.24, 0.98, -0.11], [-0.3, 0.77, -0.68, -0.44, -0.03, 0.37], [-0.87, 0.41, 0.43, 0.0, -0.47, 0.66], [0.33, -0.33, -0.04, 0.69, -0.73, -0.98], [-0.28, -0.59, -0.36, 0.92, -0.96, -0.93], [-0.06, 0.56, 0.11, 0.93, 0.79, -0.71], [-0.84, 0.29, -0.32, 0.02, 0.22, -0.63], [-0.14, -0.55, -0.89, -0.22, -0.05, -0.05]]
392 : 38 : [[0.77, -0.61, -0.3, -0.66, 0.68, -0.4], [0.15, -0.87, -0.59, -0.72, -0.19, -0.84], [0.73, 0.89, -0.68, -0.08, 0.91, 0.47], [-0.77, 0.1, -0.85, -0.56, -0.61, -0.23], [0.78, 0.63, -0.97, 0.17, 0.59, -0.06], [0.8, 0.92, -0.72, -0.77, -0.44, -0.91], [-0.05, -0.72, 0.3, 0.96, 0.78, 0.15], [-0.15, 0.73, -0.47, 0.73, 0.45, 0.87]]
565 : 39 : [[-0.93, -0.87, 0.93, -0.67, 0.11, -0.06], [-0.97, -0.99, 0.24, -0.62, -0.22, 0.09], [0.17, 0.63, 0.86, -0.96, -0.41, -0.99], [0.21, 0.97, -0.18, -0.71, -0.88, 0.7], [-0.3, -0.52, -0.6, 0.48, -0.33, 0.87], [-0.05, -0.37, 0.56, 0.96, -0.5, -0.34], [-0.31, 0.63, 0.88, 0.5, -0.48, -0.57], [0.06, -0.76, 0.38, 0.2, -0.13, 0.41]]
1492 : 40 : [[-0.28, 0.77, 0.0, -0.43, -0.96, 0.7], [-0.32, 0.96, -0.65, 0.06, 0.5, 0.05], [0.76, 0.39, 0.56, 0.55, 0.15, 0.23], [-0.6, 0.91, -0.39, -0.94, -0.62, -0.27], [0.75, -0.86, 0.88, 0.48, -0.82, 0.84], [-0.15, 0.21, -0.27, -0.64, 0.58, 0.06], [0.62, -0.75, -0.28, -0.88, 0.48, -0.66], [0.0, 0.91, -0.81, -0.03, -0.88, -0.16]]
1325 : 41 : [[-0.14, -0.85, -0.94, 0.86, -0.74, -0.95], [-0.56, -0.96, -0.85, -0.75, 0.26, 0.62], [-0.04, -0.19, 0.3, -0.73, 0.76, 0.89], [-0.67, -0.08, -0.76, 0.24, -0.18, -0.21], [0.01, -0.14, 0.4, 0.47, 0.1, 0.37], [0.25, -0.16, -0.65, 0.71, 0.44, 0.91], [-1.0, 0.94, -0.25, 0.01, -0.75, -0.65], [-0.86, -0.67, -0.59, -0.55, 0.67, 0.03]]
1186 : 42 : [[0.15, -0.43, -0.81, -0.98, 0.21, 0.85], [0.59, 0.7, 0.46, 0.54, -0.47, 0.29], [0.41, 0.91, 0.85, -0.51, 0.48, 0.31], [0.47, -0.08, -0.63, 0.06, 0.59, -0.62], [-0.34, -0.39, 0.76, -0.89, -0.12, 0.37], [0.47, 0.05, 0.8, 0.23, 0.67, 0.69], [-0.03, -0.42, 0.47, 0.52, 0.59, 0.92], [-1.0, -0.96, -0.63, 0.58, 0.25, 0.26]]
367 : 43 : [[-0.13, 0.72, 0.38, 0.79, 0.7, 0.06], [0.0, 0.65, 0.08, 0.49, 0.34, -0.96], [0.05, -0.59, 0.37, 0.41, -0.91, -0.44], [-0.82, -0.87, 0.89, -0.56, -0.5, -0.95], [-0.68, -0.69, -0.41, 0.69, 0.62, 0.64], [-0.07, -0.78, 0.1, 0.05, -0.03, 0.36], [-0.94, -0.24, 0.41, -0.63, -0.23, -0.45], [-0.3, 0.54, 0.22, 0.69, 0.64, -0.84]]
606 : 44 : [[0.32, -0.26, -0.77, 0.06, -0.75, -0.01], [0.75, 0.49, 0.37, 0.28, -0.99, 0.24], [-0.53, -0.09, -0.71, -0.21, -0.05, 0.67], [0.8, 0.92, -0.98, -0.23, -0.21, -0.49], [0.83, -0.46, -0.81, 0.19, -0.79, -0.63], [0.45, -0.4, 0.55, -0.2, -0.26, 0.87], [0.12, -0.41, -0.77, -0.4, 0.34, 0.21], [0.82, -0.19, 0.44, -0.99, -0.28, 0.33]]
431 : 45 : [[0.33, -0.83, -0.76, 0.59, 0.89, -0.99], [0.58, -0.99, -0.84, 0.5, -0.26, 0.04], [-0.38, -0.83, -0.8, -0.29, 0.29, 0.15], [0.27, -0.8, -0.78, 0.44, -0.94, 0.67], [-0.25, -0.38, 0.42, 0.71, 0.22, 0.28], [0.72, 0.62, -0.49, -0.25, 0.44, 0.93], [0.12, -0.32, 0.18, -0.95, 0.78, -0.09], [-0.71, 0.6, -0.5, 0.61, 0.29, -0.16]]
421 : 46 : [[0.29, -0.5, -0.49, -0.33, 0.84, 0.26], [-0.2, 0.12, -0.32, -0.02, 0.26, -0.54], [0.29, 0.65, 0.55, -0.8, -0.61, -0.42], [0.28, -0.35, 0.86, 0.54, -0.09, 0.37], [-0.33, -0.17, -0.18, 0.32, -0.56, 0.76], [0.55, -0.45, 0.37, 0.58, -0.03, 0.14], [0.06, 0.93, 0.84, 0.57, -0.55, 0.93], [-0.59, 0.6, 0.36, 0.24, 0.62, -0.07]]
770 : 47 : [[0.32, 0.69, 0.65, -0.72, 0.57, 0.1], [-0.76, 0.31, -0.54, -0.45, 0.16, -0.36], [0.21, 0.48, -0.53, -0.32, 0.32, -0.55], [0.09, 0.82, 0.75, -0.24, 0.47, -0.51], [-0.82, 0.44, 0.96, -0.81, -0.72, -0.11], [-0.96, -0.41, 0.41, 0.33, 0.62, -0.07], [0.65, 0.74, -0.34, 0.42, 0.34, 0.41], [-0.6, -0.53, -0.48, -0.45, -0.35, -0.28]]
909 : 48 : [[-0.3, -0.74, -0.49, -0.26, -0.72, 0.97], [-0.23, -0.2, 0.03, -0.18, 0.37, -0.57], [-0.52, -0.2, -0.3, -0.51, -0.76, 0.21], [0.07, 0.86, 0.51, 0.64, -0.63, -0.22], [-0.19, 0.12, 0.29, 0.5, 0.14, -0.21], [0.49, 0.25, 0.3, -0.26, 0.2, 0.55], [-0.64, 0.1, 0.3, -0.45, 0.84, -0.81], [0.02, 0.57, 0.92, 0.81, -0.55, -0.65]]
1455 : 49 : [[-0.28, 0.85, -0.72, -0.72, 0.27, -0.38], [-0.07, 0.04, -0.82, 0.97, 0.47, -0.68], [-0.45, 0.58, -0.86, -0.27, -0.7, -0.2], [0.83, 0.25, 0.32, 0.57, -0.78, 0.12], [0.37, -0.6, 0.75, 0.81, -0.74, -0.32], [0.55, 0.66, -0.67, 0.86, 0.3, -0.66], [-0.44, -0.06, 0.33, -0.06, -0.88, -0.21], [-0.1, -0.25, 0.18, -0.67, 0.3, 0.91]]
683 : 50 : [[-0.47, -0.83, -0.56, 0.23, -0.53, 0.88], [0.48, -0.52, 0.99, -0.72, -0.46, 0.59], [-0.2, -0.52, 0.16, 0.96, 0.35, 0.19], [0.28, 0.02, 0.98, -0.19, -0.41, -0.86], [-0.95, -0.66, 0.47, 0.53, -0.89, 0.56], [0.07, -0.57, 0.07, 0.2, -0.08, -0.26], [-0.74, 0.44, 0.69, -0.64, -0.08, 0.4], [-0.19, 0.98, -0.7, 0.51, 0.9, -0.33]]
-21 : 51 : [[-0.3, -0.71, 0.3, 0.01, 0.66, -0.01], [-0.83, -0.98, -0.6, -0.73, -0.59, -0.14], [-0.81, -0.41, -0.22, 0.29, 0.56, 0.69], [-0.82, 0.65, -0.44, 0.17, 0.93, -0.93], [0.49, -0.41, -0.65, -0.85, -0.51, 0.31], [-0.81, -0.07, -0.26, -0.05, -0.08, 0.14], [-0.16, -0.83, -0.56, 0.92, -0.75, 0.1], [0.28, -0.77, -0.1, -0.98, 0.34, 0.34]]
853 : 52 : [[-0.96, 0.45, -0.74, 0.22, 0.5, 0.35], [0.6, -0.23, 0.91, 0.18, -0.84, -0.78], [0.0, -0.18, 0.04, 0.04, 0.35, 0.38], [0.87, 0.3, 0.71, 0.64, 0.99, 0.24], [0.96, 0.73, -0.63, -1.0, -0.09, -0.55], [-0.91, 0.64, 0.27, 0.23, -0.91, -0.01], [0.51, -0.74, -0.42, 0.3, 0.56, 0.75], [0.17, -0.86, 0.0, -0.06, 0.13, 0.59]]
480 : 53 : [[-0.11, -0.6, -0.1, -0.27, 0.28, -0.89], [-0.04, 0.76, 0.08, 0.58, 0.14, 0.81], [-0.65, 0.28, -0.83, -0.11, -0.03, 0.64], [-0.51, -0.64, 0.76, -0.98, -0.5, -0.49], [-0.19, 0.17, -0.71, 0.32, 0.16, 0.88], [0.38, 0.99, -0.08, 0.12, -0.22, -0.01], [-0.22, 0.13, -0.75, 0.77, 0.67, -0.31], [0.57, 0.37, 0.65, 0.74, 0.79, 0.2]]
698 : 54 : [[0.5, -0.77, -0.76, 0.79, 0.65, -0.17], [0.65, -0.82, -0.17, 0.3, 0.24, -0.65], [0.45, 0.84, 0.74, -0.66, 0.32, 0.07], [-0.03, 0.79, -0.1, 0.54, 0.67, -0.8], [0.12, -0.23, -0.98, 0.93, 0.18, 0.25], [0.23, 0.97, 0.54, -0.04, -0.98, 0.93], [0.13, 0.2, 0.91, 0.89, -0.08, 0.22], [0.35, -0.91, -0.85, -0.46, 0.06, 0.58]]
1242 : 55 : [[0.17, -0.28, -0.03, 0.41, 0.35, -0.67], [-0.86, -0.65, 0.71, -0.42, 0.39, -0.83], [-0.11, -0.29, -0.48, 0.64, -0.83, -0.24], [-0.51, 0.73, -0.2, 0.35, 0.15, -0.13], [0.38, 0.37, -0.92, 0.67, 0.77, 0.54], [-0.34, -0.95, -0.97, 0.12, -0.75, 0.99], [-0.66, -0.72, 0.13, -0.48, -0.32, 0.53], [-0.78, 0.8, -0.17, 0.29, 0.48, 0.37]]
-6 : 56 : [[0.51, 0.02, -0.09, -0.27, -0.37, 0.86], [-0.05, 0.55, 0.43, -0.4, 0.49, -0.96], [-0.32, 0.84, 0.38, 0.41, -0.02, -0.99], [-0.06, -0.57, 0.82, -0.39, 0.73, 0.46], [0.11, 0.01, -0.94, -0.85, 0.19, 0.68], [-0.15, -0.19, -0.84, 0.87, 0.23, 0.38], [-0.42, 0.11, 0.49, -0.92, 0.05, 0.58], [0.46, -0.26, 0.55, -0.09, -0.63, -0.27]]
801 : 57 : [[0.1, 0.74, -0.89, 0.26, 0.76, -0.67], [-0.46, 0.7, 0.77, 0.71, -0.44, 0.25], [0.62, 0.18, 0.96, -0.3, 0.29, 0.98], [0.82, 0.72, 0.16, -0.52, 0.94, -0.45], [0.87, 0.24, -0.67, 0.82, 0.22, -0.51], [0.05, 0.1, -0.88, 0.88, 0.24, -0.09], [-0.41, -0.23, -0.92, 0.02, -0.24, 0.5], [-0.21, -0.49, 0.6, -0.12, -0.8, 0.5]]
742 : 58 : [[-0.64, -0.09, -0.46, 0.7, -0.82, 0.78], [-0.9, 0.41, 0.2, -0.51, 0.84, -0.97], [-0.38, 0.17, 0.52, 0.02, 0.02, -0.3], [0.33, -0.85, 0.08, 0.63, -0.45, 0.95], [-0.31, -0.74, -0.77, 0.57, -0.4, -0.82], [-0.65, 0.96, 0.82, 0.75, -0.91, 0.77], [-0.77, -0.51, 0.2, 0.19, 0.9, -0.02], [-0.5, -0.93, -0.81, 0.3, 0.83, 0.58]]
612 : 59 : [[0.93, -0.91, -0.89, -0.62, 0.19, 0.2], [0.1, 0.5, 0.12, 0.96, 0.72, -0.45], [-0.18, 0.36, 0.95, 0.72, 0.64, 0.57], [0.7, 0.96, -0.12, 0.21, 0.86, -0.28], [0.84, -0.82, 0.64, -0.89, 0.56, -0.63], [0.13, 0.63, 0.94, -0.44, 0.13, 0.87], [0.59, 0.36, -0.97, 0.06, -0.59, -0.53], [0.15, 0.88, -0.21, 0.89, 0.61, -0.74]]
901 : 60 : [[0.84, 0.86, 0.98, -0.44, -0.84, -0.62], [0.94, -0.24, -0.59, -0.55, -0.51, 0.98], [-0.54, 0.46, -0.8, 0.44, 0.47, -0.85], [0.15, 0.79, 0.68, -0.54, 0.44, 0.39], [0.08, 0.28, 0.91, 0.28, -0.22, 0.51], [0.05, 0.39, 0.11, -0.91, 0.6, -0.43], [-0.32, -0.24, 0.57, 0.51, -0.45, -0.04], [-0.55, -0.98, -0.48, 0.74, -0.18, -0.27]]
-12 : 61 : [[-0.67, 0.39, 0.57, 0.78, 0.91, 0.12], [0.69, -0.23, 0.9, 0.86, 0.64, -0.27], [0.89, 0.45, 0.75, -0.35, -0.38, -0.61], [0.4, 0.07, -0.37, 0.26, 0.26, -0.63], [0.73, -0.86, -0.16, 0.56, -0.73, -0.89], [0.6, 0.46, 0.85, 0.11, 0.72, 0.47], [0.52, -0.67, 0.08, 0.88, 0.45, -0.03], [0.5, -0.03, -0.79, -0.22, 0.5, 0.78]]
1252 : 62 : [[-0.45, -0.61, 0.02, -0.67, 0.42, -0.66], [0.47, 0.06, 0.43, -0.16, -0.57, 0.27], [-0.45, 0.34, 0.14, -0.05, 0.97, 0.84], [-0.01, 0.15, 0.02, 0.0, -0.41, 0.25], [-0.9, -0.82, 0.46, 0.65, -0.72, 0.64], [0.15, 0.53, 0.36, -0.47, -0.97, 0.6], [0.56, 0.86, -0.14, -0.17, -0.67, -0.39], [-0.24, -0.6, -0.89, -0.1, 0.95, -0.95]]
1094 : 63 : [[-0.41, -0.35, 0.98, -0.39, -0.3, 0.51], [-0.01, 0.78, 0.9, -0.92, -0.09, -0.6], [0.74, -0.07, 0.14, -0.02, -0.25, -0.87], [-0.3, -0.17, -0.22, -0.96, -0.48, -0.82], [0.26, 0.81, -0.06, 0.55, -0.41, 0.17], [0.04, 0.18, -0.23, 0.02, 0.46, 0.99], [-0.65, -0.64, -0.04, 0.69, 0.67, -0.44], [0.89, -0.85, 0.9, 0.42, 0.19, -0.67]]
937 : 64 : [[0.74, -0.63, 0.23, 0.67, -0.04, 0.3], [-0.19, -0.87, -0.64, -0.83, 0.14, -0.81], [-0.72, -0.1, -0.46, 0.28, -0.19, 0.56], [0.38, 0.95, -0.59, -0.52, 0.5, -0.71], [0.79, 0.01, -0.23, -0.78, -0.59, 0.95], [-0.15, -0.34, 0.15, -0.86, 0.51, -0.44], [0.65, -0.19, 0.68, 0.99, -0.38, 0.64], [0.58, 0.89, 0.13, 0.64, 0.5, 0.66]]
385 : 65 : [[-0.91, 0.34, 0.06, -0.47, -0.94, 0.28], [0.53, 0.14, 0.64, 0.71, 0.82, 0.36], [-0.9, -0.76, -0.74, 0.14, -0.92, 0.66], [0.88, 0.29, -0.99, 0.25, 0.35, 0.16], [-0.92, 0.39, -0.23, -0.79, 0.11, -0.67], [0.83, 0.96, 0.79, -0.35, -0.46, 0.46], [0.39, -0.94, -0.88, 0.72, 0.99, 0.67], [0.32, -0.1, 0.5, -0.35, 0.68, 0.15]]
84 : 66 : [[-0.85, -0.44, -0.36, 0.51, -0.75, -0.1], [-0.52, 0.45, 0.42, 0.45, -0.41, 0.66], [-0.1, -0.17, 0.8, -0.86, 0.86, -0.28], [0.63, -0.7, -0.61, 0.51, -0.96, -0.68], [-0.59, -0.08, 0.15, -0.12, 0.6, 0.3], [-0.88, -0.97, 0.58, -0.75, 0.19, -0.54], [-0.83, -0.48, 0.6, -0.04, 0.64, 0.07], [-0.24, -0.95, 0.25, 0.2, -0.28, -0.19]]
1102 : 67 : [[0.93, 0.43, -0.48, -0.63, 0.32, 0.26], [0.73, -0.92, -0.71, -0.37, 0.76, -0.15], [0.17, 0.27, 0.13, -0.95, -0.2, 0.16], [-0.41, 0.13, 0.4, 0.83, 0.47, 0.43], [-0.78, -0.33, 0.17, 0.42, -0.71, -0.18], [0.76, -0.77, 0.02, -0.97, -0.31, -0.18], [0.26, 0.21, 0.86, 0.14, 0.66, -0.57], [-0.78, -0.38, -0.2, -0.41, 0.25, -0.95]]
645 : 68 : [[-0.68, -0.7, -0.98, -0.15, 0.02, 0.99], [-0.96, -0.84, -0.68, -0.52, -0.03, 0.0], [-0.95, -0.14, -0.12, 0.42, 0.0, 0.27], [-0.17, -0.42, -0.58, -0.17, -0.83, -0.03], [0.46, 0.48, 0.21, 0.67, 0.66, -0.16], [-0.74, 0.99, 0.88, 0.22, -0.84, 0.1], [0.81, -0.44, 0.04, 0.93, 0.99, -0.09], [0.57, -0.8, 0.77, -0.44, -0.65, -0.75]]
1252 : 69 : [[-0.54, -0.36, 0.53, -0.04, -0.73, 0.2], [-0.72, -0.67, -0.41, 0.11, -0.62, -0.09], [-0.09, -0.48, 0.33, 0.84, 0.19, 0.32], [0.19, 0.43, -0.82, 0.97, -0.57, 0.49], [-0.07, 0.54, -0.97, -0.58, -0.37, -0.72], [0.43, -0.8, -0.58, 0.37, 0.07, 0.94], [-0.86, 0.71, -0.44, -0.06, 0.03, 0.27], [-0.13, 0.43, -0.82, 0.05, 0.61, -0.42]]
132 : 70 : [[-0.55, -0.99, 0.49, 0.97, -0.41, -0.88], [0.21, -0.03, -0.85, 0.69, 0.21, -0.27], [-0.92, 0.01, -0.3, -0.65, -0.73, -0.86], [-0.15, -0.11, -0.45, -0.19, 0.28, 0.72], [0.61, 0.29, 0.62, 0.67, -0.61, 0.09], [-0.56, -0.81, -0.42, 0.16, -0.47, 0.0], [-0.16, 0.27, 0.58, 0.43, -0.11, -0.17], [-0.25, -0.22, 0.15, -0.99, 0.97, -0.5]]
928 : 71 : [[-0.79, 0.64, -0.88, -0.64, 0.53, -0.05], [0.3, -0.84, -0.47, 0.52, 0.79, -0.22], [-0.29, 0.81, -0.04, -0.62, -0.91, -0.99], [-0.97, -0.69, 0.93, 0.15, 0.65, -0.55], [-0.29, -0.96, -0.01, 0.25, 0.93, -0.57], [-0.13, 0.58, -0.72, -0.38, -0.89, -0.79], [-0.36, -0.45, -0.36, -0.48, -0.22, 0.53], [0.48, -0.91, 0.02, -0.23, 0.78, -0.93]]
1168 : 72 : [[0.2, -0.15, -0.8, -0.49, -0.64, 0.4], [-0.57, -0.95, -0.06, -0.91, 0.75, 0.53], [-0.99, -0.38, -0.98, -0.19, -0.96, 0.93], [-0.94, 0.37, -0.91, -0.14, -0.93, 0.98], [-0.98, -0.05, -0.81, -0.56, -0.21, 0.45], [0.66, 0.06, 0.7, -0.88, -0.73, 0.08], [-0.4, -0.77, -0.32, -0.63, 0.92, 0.89], [-0.26, -0.37, -0.07, -1.0, 0.28, 0.85]]
1319 : 73 : [[0.69, -0.44, -0.66, -0.41, -0.04, -0.92], [-0.01, -0.51, 0.8, -0.3, -0.56, 0.7], [0.98, -0.95, -0.92, -0.08, 0.95, 0.77], [-0.72, -0.15, -0.33, -0.62, 0.32, -0.2], [0.38, -0.64, 0.12, 0.23, 0.29, -0.65], [-0.22, -0.83, 0.43, -0.36, 0.14, -0.44], [-0.04, -0.43, -1.0, 0.85, -0.84, -0.65], [-0.91, 0.92, 0.61, -0.55, -0.97, -0.37]]
513 : 74 : [[-0.93, 0.6, 0.31, 0.95, 0.09, 0.65], [0.59, -0.98, -0.27, 0.63, 0.66, -0.6], [0.94, -0.56, -0.52, -0.79, -0.18, -0.57], [0.38, -0.32, 0.98, -0.87, -0.43, 0.38], [-0.34, -0.43, -0.52, -0.67, -0.35, -0.08], [0.57, -0.19, 0.94, 0.81, 0.73, 0.46], [0.59, 0.62, -0.44, 0.2, -0.53, 0.82], [0.91, 0.07, -0.09, 0.92, -0.18, 0.61]]
911 : 75 : [[0.1, -0.28, 0.82, -0.25, 0.49, 0.6], [-0.49, -0.27, 0.82, -0.56, 0.24, -0.49], [0.88, 0.92, 0.04, 0.89, 0.84, -0.95], [-0.47, 0.01, 0.88, -0.92, 0.88, 0.24], [0.14, -0.93, -0.45, -0.93, 0.85, 0.53], [0.03, -0.02, -0.53, 0.36, -0.65, -0.44], [-0.58, -0.15, -0.9, 0.84, -0.6, -0.43], [0.29, -0.77, -0.94, 0.72, 0.68, 0.67]]
-25 : 76 : [[-0.3392310689654221, -0.7944264794505868, 0.22528713138379897, -0.03301984753302149, 0.7045742135769604, -0.06204740134208554], [-0.776876187169863, -1.0216432855737676, -0.6044451988729481, -0.8277073263027297, -0.5106149861682764, -0.04747131493694293], [-0.768138641997827, -0.35222559813627574, -0.2754765020892688, 0.3035040096167161, 0.6017729006498591, 0.7670603591927802], [-0.739786837862235, 0.5939685365939897, -0.5156436464189617, 0.22883698032673558, 0.8786466177184371, -0.9641221111697709], [0.5363672370459105, -0.4614019759993642, -0.7006045686491473, -0.751086925501306, -0.5669677697590704, 0.4013550774060064], [-0.8763647451927824, -0.051527835392365356, -0.35882370147597553, -0.0545190884034194, 0.018888863526462824, 0.17841024804458236], [-0.07815013100387785, -0.8382647920079014, -0.5064822029317517, 0.8789741133028569, -0.7119023485914616, 0.145378692480629], [0.28, -0.77, -0.1, -0.98, 0.34, 0.34]]
-16 : 77 : [[-0.3490694615732982, -0.7487475213240408, 0.3117527511604171, 0.01122492614701312, 0.7295157594405761, -0.0861187752900494], [-0.8435959249002517, -1.0491428957347628, -0.5628989741362442, -0.7759400790747465, -0.686756682066858, -0.09630218667523377], [-0.7781077728089081, -0.4072411051148464, -0.17372378927197704, 0.2938762681434877, 0.5066587428780394, 0.6459121776420651], [-0.8852024218385887, 0.5921162315515521, -0.45252599808769894, 0.14764378642321765, 0.9839234739112637, -0.933145319854089], [0.5884102629503023, -0.3657650542242301, -0.5856334081165745, -0.7507354935116073, -0.5841694697028893, 0.319219307183686], [-0.8867435194444485, -0.12257337238325841, -0.2498443239830623, -0.006871732380177464, -0.052573872389905796, 0.13506531321385862], [-0.06758926974934842, -0.8751894397282963, -0.656387286886603, 0.9698635906620632, -0.7297977614862786, 0.029027433632263504], [0.28, -0.77, -0.1, -0.98, 0.34, 0.34]]
-41 : 78 : [[-0.2643046965425, -0.8880930261108755, 0.18634971899902492, 0.01462717008731454, 0.7863880862205201, -0.046819106495057175], [-0.8666041886762027, -0.9541007771996118, -0.521707605844332, -0.8756665785441402, -0.4783852614134099, 0.027566981276295116], [-0.7042523276890822, -0.3280811594316174, -0.30231824968884924, 0.20703092061528253, 0.6342567217040627, 0.8022106852544418], [-0.7426919171404635, 0.6026355661887283, -0.5019161044776959, 0.20697709551640547, 0.8010318893682729, -0.8812744891214005], [0.602947977056804, -0.4390872004919576, -0.7107032369864477, -0.7834288430069705, -0.6621262805089952, 0.44555401344848744], [-0.7980022837355826, 0.043871495243730074, -0.40229624173404227, -0.05570408135942259, 0.077166514300617, 0.11286524950862757], [-0.1712428765296015, -0.8985894893565457, -0.548479895208113, 0.8296413441399226, -0.7921390902369431, 0.17337304294471026], [0.28, -0.77, -0.1, -0.98, 0.34, 0.34]]
