395 : 0 : [[-0.69, -0.31, -0.74, -0.84, -0.27, 0.66], [0.93, -0.71, -0.27, -0.88, 0.24, 0.24], [-0.85, 0.89, 0.96, 0.3, 0.34, -0.51], [0.15, -0.81, 0.44, 0.46, 0.26, 0.63], [-0.16, -0.52, 0.75, -0.34, -0.18, 0.08], [-0.1, -0.98, 0.17, 0.59, 0.89, -0.62], [0.43, 0.9, 0.38, -0.28, 0.95, 0.0], [-0.83, -0.69, -0.33, -0.48, -0.06, -0.88]]
467 : 1 : [[0.45, 0.13, 0.63, -0.45, -0.97, -0.15], [0.1, 0.95, -0.84, -0.82, -0.5, -0.58], [-0.54, -0.84, -0.65, -0.14, 0.18, -0.16], [0.47, -0.7, 0.12, 0.93, 0.78, -0.99], [-0.2, 0.17, 0.38, -0.5, 0.06, -0.97], [-0.92, 0.27, 0.29, -0.44, 0.34, -0.2], [-0.41, 0.72, -0.86, 0.85, -0.44, 0.99], [-0.03, 0.96, -0.27, -0.14, -0.14, 0.98]]
1155 : 2 : [[0.18, 0.77, -0.94, 0.96, 0.36, -0.66], [0.15, -0.34, -0.07, -0.09, -0.67, 0.35], [0.37, 0.08, -0.87, 0.53, -0.43, -0.03], [-0.58, 0.04, 0.07, 0.56, 0.3, 0.86], [0.46, 0.24, -0.35, 0.07, -0.46, 0.53], [-0.54, 0.42, 0.44, -0.18, 0.55, -0.64], [0.71, 0.33, -0.97, 0.35, 0.01, 0.54], [0.15, 0.56, -0.48, 0.49, 0.29, 0.88]]
951 : 3 : [[0.34, 0.91, 0.93, 0.09, -0.43, -0.36], [0.11, 0.13, -0.9, -0.65, -0.94, 0.23], [-0.99, -0.47, 0.27, 0.77, 0.92, -0.41], [-0.79, 0.54, 0.4, 0.03, -0.23, 0.02], [-0.95, -0.86, 0.16, 0.16, -0.68, -0.98], [0.68, 0.4, -0.97, -0.05, -0.04, 0.38], [0.36, -0.64, 0.92, -0.09, -0.65, -0.19], [0.4, 0.92, 0.9, 0.51, 0.25, -0.88]]
982 : 4 : [[0.24, -0.77, -0.9, -0.41, -0.83, -0.09], [0.82, 0.29, -0.2, -0.89, 0.43, 0.23], [-0.77, -0.14, -0.85, 0.34, -0.79, -0.46], [-0.89, 0.31, 0.56, -0.95, 0.53, -0.88], [-0.18, -0.11, -0.22, -0.86, 0.85, -0.5], [-0.47, -0.1, -0.39, 0.72, 0.08, 0.22], [0.58, -0.06, -0.99, -0.88, 0.07, 0.89], [-0.99, -0.86, 0.03, -0.79, -0.11, 0.82]]
644 : 5 : [[-0.84, 0.82, -0.14, 0.4, -0.99, -0.85], [-0.38, 0.76, -0.66, -0.11, 0.77, -0.51], [0.34, 0.22, 0.62, -0.59, 0.86, -0.71], [0.76, 0.06, 0.89, -0.33, 0.06, 0.24], [0.06, 0.44, -0.37, -0.29, -0.5, -0.4], [-0.98, 0.76, 0.75, -0.48, 0.88, -0.82], [-0.57, 0.56, 0.24, -0.5, 0.28, -0.88], [-0.43, -0.46, -0.99, -0.24, 0.61, 0.3]]
743 : 6 : [[0.64, 0.57, -0.98, 0.37, -0.09, 0.02], [0.81, -0.63, -0.36, -0.45, -0.1, 0.64], [-0.38, -0.14, -0.54, 0.99, -0.78, -0.4], [-0.42, 0.11, -0.45, -0.66, 0.1, 0.66], [0.35, -0.63, -0.74, 0.68, -0.62, -0.4], [0.88, 0.24, -0.74, -0.66, 0.89, 0.63], [0.64, 0.72, 0.82, 0.87, 0.69, -0.04], [0.45, 0.6, -0.63, 0.2, 0.54, -1.0]]
181 : 7 : [[-0.42, 0.14, -0.72, 0.69, 0.35, -0.15], [-0.68, -0.34, 0.56, 0.22, 0.52, -0.73], [-0.35, -0.32, -0.75, 0.05, 0.73, 0.66], [-0.77, 0.62, 0.48, -0.36, -0.82, -0.19], [0.38, 0.01, 0.02, 0.75, 0.41, 0.08], [0.61, -0.06, -0.53, -0.35, -0.14, -0.57], [-0.6, 0.04, 0.02, 0.04, -0.74, -0.23], [-0.78, 0.87, -0.94, 0.14, 0.63, 0.34]]
1057 : 8 : [[-0.48, 0.98, 0.94, -0.89, 0.91, -0.93], [0.16, 0.8, 0.91, 0.24, 0.75, -0.07], [-0.6, -0.91, -0.6, -0.77, 0.12, -0.77], [-0.25, -0.27, 0.82, -0.45, 0.49, -0.16], [0.34, -0.81, 0.53, 0.64, 0.45, -0.98], [-0.93, -0.13, 0.93, 0.18, 0.71, 0.71], [0.61, 0.16, 0.13, 0.28, -0.73, -0.21], [-0.06, 0.18, 0.24, 0.61, -0.19, 0.88]]
593 : 9 : [[-0.1, 0.83, -0.03, 0.03, -0.87, 0.83], [-1.0, 0.8, 0.95, 0.29, 0.81, -0.66], [-0.46, 0.83, -0.69, 0.27, -0.84, -0.02], [-0.71, 0.09, -0.05, 0.47, 0.15, -0.92], [-0.49, -0.65, 0.99, -0.53, 0.47, -0.92], [0.94, 0.0, -0.6, 0.16, -0.34, 0.78], [-0.02, -0.65, -0.25, 0.54, -0.54, 0.21], [0.1, 0.62, 0.69, 0.09, 0.46, 0.06]]
788 : 10 : [[-0.94, 0.5, -0.3, 0.65, 0.55, -0.35], [-0.84, 0.05, 0.46, -0.88, -0.68, 0.3], [0.95, -0.02, -0.46, 0.05, 0.43, -0.32], [0.95, -0.16, 0.67, -0.92, -0.33, 0.71], [0.95, 0.36, 0.03, -0.3, 0.42, -0.59], [0.29, 0.42, -0.54, -0.94, -0.52, -0.77], [-0.26, 0.05, -0.48, -0.78, -0.07, -0.22], [-0.73, 0.49, 0.83, 0.96, 0.78, -0.92]]
258 : 11 : [[-0.18, 0.45, 0.83, 0.63, -0.51, -0.83], [-0.01, 0.86, 0.25, -0.1, 0.57, -0.96], [-0.99, 0.02, -0.11, -0.71, -0.55, 0.02], [-0.6, -0.69, 0.53, -0.76, -0.35, -0.72], [-0.61, -0.55, -0.63, 0.31, 0.3, 0.06], [-0.6, 0.4, 0.5, -0.12, 0.64, 0.14], [-0.63, -0.58, -0.53, 0.48, -0.2, 0.39], [-0.16, -0.13, -0.61, -0.43, -0.45, 0.88]]
195 : 12 : [[-0.61, 0.54, 0.78, -0.59, 0.86, -0.19], [0.89, 0.91, 0.25, 0.73, 0.22, -0.68], [-0.9, 0.74, -0.86, -0.26, 0.82, 0.81], [0.8, -0.15, 0.97, 0.92, 0.8, -0.24], [0.37, 0.02, 0.76, -0.97, 0.86, -0.87], [-0.3, -0.7, 0.59, -0.63, 0.14, 0.38], [-0.42, -0.44, -0.97, -0.01, -0.58, 0.13], [-0.62, 0.52, 0.78, 0.99, 0.6, -0.78]]
1205 : 13 : [[-0.13, 0.24, 0.0, -0.68, -0.54, -0.06], [0.0, -0.76, -0.96, -0.43, -0.79, -0.63], [0.83, -0.38, -0.73, -0.36, 0.7, 0.97], [0.55, 0.72, 0.66, 0.54, 0.28, -0.73], [0.55, 0.67, -0.48, 0.83, 0.66, 0.02], [0.76, 0.88, -0.72, -0.35, 0.2, -0.13], [0.73, -1.0, -0.15, -0.9, 0.8, -0.54], [0.02, 0.43, -0.1, -0.59, 0.53, 0.82]]
963 : 14 : [[-0.81, 0.08, -0.18, -0.23, -0.04, 0.87], [0.34, -0.33, -0.89, 0.78, -0.66, -0.26], [0.78, -0.11, 0.24, 0.99, 0.62, 0.84], [0.55, 0.74, 0.32, -0.17, -0.49, -0.86], [0.17, 0.39, -0.36, -0.93, -0.68, -0.75], [0.56, -0.24, -0.86, -0.61, -0.25, -0.12], [0.42, 0.57, -0.01, 0.85, 0.11, 0.41], [0.78, 0.8, 0.86, -0.56, 0.35, 0.55]]
1212 : 15 : [[0.96, -0.07, 0.7, -0.42, -0.11, 0.79], [0.6, 0.14, -0.95, -0.34, 0.43, -0.53], [0.31, 0.63, 0.36, -0.31, 0.52, -0.49], [-0.58, -0.34, -0.82, -0.86, -0.26, -0.93], [0.15, 0.57, 0.2, 0.84, 0.13, -0.34], [0.58, 0.34, 0.67, 0.31, 0.46, -0.78], [-0.78, -0.17, 0.46, 0.36, 0.97, -0.84], [0.67, 0.65, 0.85, -0.9, -0.19, 0.17]]
675 : 16 : [[0.33, 0.86, 0.94, 0.01, 0.78, 0.46], [-0.12, 0.14, 0.53, -0.14, 0.7, -0.4], [0.57, -0.29, 0.87, 0.3, 0.19, 0.28], [-0.8, 0.74, 0.37, 0.35, 0.8, -0.64], [0.32, -0.58, 0.79, 0.08, -0.64, 0.22], [-0.72, -0.58, 0.76, 0.69, -0.35, 0.74], [0.12, 0.08, 0.28, 0.97, -0.6, 0.49], [0.86, -0.08, -0.91, -0.13, -0.8, 0.55]]
556 : 17 : [[-0.05, 0.18, -0.93, 0.58, 0.81, 0.15], [-0.65, -0.01, 0.23, -0.18, 0.2, 0.69], [-0.82, -0.36, 0.88, 0.34, 0.66, -0.64], [-0.51, 0.7, 0.06, -0.52, 0.5, 0.25], [-0.74, -0.08, -0.31, -0.66, -0.67, -0.53], [-0.31, -0.45, -0.41, 0.15, -0.06, -0.26], [0.81, 0.72, 0.85, -0.83, -0.51, 0.97], [-0.5, 0.66, 0.49, 0.51, -0.78, 0.57]]
156 : 18 : [[0.55, 0.66, 0.67, -0.4, 0.87, 0.95], [0.66, 0.26, 0.08, -0.13, 0.59, -0.49], [-0.51, 0.79, -0.2, -0.6, -0.84, -0.59], [-0.16, 0.02, 0.67, 0.66, 0.0, 0.38], [-0.29, 0.67, 0.09, 0.28, 0.23, 0.08], [-0.07, -0.87, 0.93, 0.09, -0.54, 0.68], [0.58, 0.52, -0.39, -0.25, -0.67, 0.96], [-0.64, -0.72, -0.47, 0.1, 0.63, -0.97]]
842 : 19 : [[0.38, -0.31, -0.62, 0.35, 0.26, 0.4], [0.28, -0.51, 0.0, -0.41, -0.71, -0.88], [-0.3, 0.78, -0.08, 0.6, -0.37, 0.48], [0.48, -0.5, 0.05, 0.15, -0.7, 0.05], [0.97, -0.22, 0.76, 0.6, -0.9, 0.56], [0.77, 0.79, -0.16, -0.41, -0.28, -0.69], [0.97, 0.06, -0.37, -0.81, 0.78, -0.53], [0.33, 0.97, 0.24, 0.98, 0.46, -0.26]]
834 : 20 : [[0.51, -0.3, 0.47, 0.5, 0.59, 0.85], [0.09, -0.88, 0.65, -0.51, 0.74, 0.71], [0.78, -0.9, -0.61, 0.97, 0.47, 0.19], [-0.71, -0.32, 0.38, -0.23, -0.77, -0.25], [-0.39, 0.5, 0.86, 0.03, -0.28, -0.01], [0.6, 0.45, 0.09, -0.27, 0.52, -0.83], [-0.56, -0.46, 0.26, 0.91, 0.97, 0.44], [-0.41, -0.91, -0.5, -0.97, -0.29, -0.64]]
1285 : 21 : [[0.3, -0.39, 0.63, -0.03, 0.36, -0.68], [0.39, 0.03, -0.02, 0.39, 0.84, 0.58], [0.89, 0.89, -0.08, 0.43, -0.3, -0.29], [0.34, 0.57, -0.09, -0.15, -0.78, 0.19], [-0.36, -0.67, 0.23, 0.18, -0.14, 0.31], [0.27, -0.06, 0.5, -0.35, -0.24, 0.7], [-0.65, 0.43, 0.68, 0.2, -0.39, 0.08], [-0.65, -0.62, 0.29, -0.68, 0.93, -0.28]]
938 : 22 : [[-0.14, -0.63, 0.15, -0.6, 0.62, -0.82], [-0.36, 0.68, 0.95, 0.26, 0.05, -0.54], [0.62, -0.45, -0.82, 0.97, 0.3, 0.11], [0.73, -0.8, 0.27, 0.03, 0.6, 0.25], [-0.51, 0.39, 0.9, 0.32, -0.77, -0.74], [-0.96, 0.06, 0.28, 0.04, 0.29, 0.01], [0.64, 0.85, 0.28, 0.49, 0.69, -0.48], [0.39, 0.1, 0.95, 0.06, -0.55, -0.47]]
1387 : 23 : [[-0.41, 0.46, 0.37, 0.45, -0.69, 0.39], [-0.83, 0.12, 0.62, 0.57, -0.77, 0.95], [0.06, 0.8, -0.45, 0.42, 0.6, -0.5], [0.09, 0.84, 0.17, 0.27, 0.23, 0.07], [0.11, 0.6, 0.39, 0.61, -0.01, -0.35], [-0.97, -0.56, -0.56, 0.44, 0.1, 0.19], [0.61, 0.76, -0.3, -0.7, 0.01, 0.34], [0.28, 0.98, -1.0, 0.72, 0.6, 0.63]]
984 : 24 : [[0.87, 0.76, -0.33, 0.89, -0.99, -0.76], [0.64, 0.42, 0.93, 0.4, 0.18, 0.14], [-0.29, -0.93, 0.36, -0.41, 0.78, -0.25], [0.26, 0.29, 0.12, 0.05, -0.16, 0.94], [0.26, 0.62, 0.02, 0.23, -0.4, 0.65], [0.94, -0.57, 0.97, 0.42, 0.67, -0.92], [0.16, -0.14, 0.11, 0.69, -0.35, -0.07], [-0.2, 0.67, -0.57, 0.61, 0.44, -0.67]]
80 : 25 : [[0.04, 0.37, -0.22, 0.55, 0.92, -0.5], [0.66, -0.19, -0.2, -0.23, 0.8, 0.25], [0.86, -0.64, -0.5, 0.63, -0.59, -0.69], [-0.96, -0.46, 0.3, 0.6, -0.43, 0.21], [0.1, -0.46, 0.08, -0.8, 0.24, 0.38], [-0.76, 0.68, -0.57, -0.64, 0.86, -0.11], [-0.07, -0.76, 0.92, 0.11, -0.84, 0.15], [-0.52, 0.69, 0.02, 0.96, -0.01, -0.53]]
473 : 26 : [[0.32, 0.69, -0.12, -0.42, 0.67, 0.91], [-0.88, -0.66, 0.7, 0.97, 0.19, 0.63], [0.56, 0.26, -0.57, -0.55, 0.19, -0.19], [-0.78, 0.67, 0.15, -0.69, 0.58, -0.76], [0.93, 0.2, -0.24, -0.35, 0.96, 0.22], [-0.11, -0.74, -0.67, 0.91, 0.17, -0.69], [0.51, -0.11, -0.94, 0.59, -0.51, 0.73], [-0.47, -0.99, -0.43, -0.02, -0.63, -0.56]]
267 : 27 : [[-0.61, 0.88, 0.17, -0.35, 0.18, 0.37], [-0.63, -0.37, -0.76, -0.85, -0.47, -0.57], [-0.76, 0.45, -0.36, 0.37, 0.09, 0.4], [-0.93, -0.01, -0.62, 0.7, -0.81, -0.63], [-0.12, 0.62, 0.06, -0.57, -0.71, -0.59], [0.62, -0.12, 0.91, -0.27, -0.48, -0.56], [0.63, -0.4, 0.04, -0.92, 0.04, 0.98], [-0.22, -0.91, 0.34, -0.71, 0.89, -0.53]]
112 : 28 : [[-0.49, -0.3, 0.24, 0.69, 0.52, 0.96], [0.49, -0.68, -0.89, -0.37, 0.78, 0.8], [0.18, 0.51, 0.19, -0.54, 0.24, -0.64], [0.91, 0.63, -0.4, 0.8, -0.25, 0.53], [-0.86, 0.83, -0.31, -0.91, -0.1, -0.17], [-0.73, -0.26, -0.04, -0.53, 0.1, -0.54], [-0.03, 0.82, 0.54, -0.33, 0.97, -0.9], [-0.92, 0.28, -0.94, -0.59, 0.11, 0.69]]
329 : 29 : [[-0.98, 0.61, 0.62, 0.93, -0.46, -0.64], [0.79, -0.16, -0.15, 0.68, -0.08, 0.58], [0.36, -0.7, 0.02, -0.89, -0.53, 0.8], [-0.82, -0.56, -0.54, -0.51, 0.09, -0.97], [-0.18, -0.07, 0.54, -0.25, -0.17, -0.81], [0.91, 0.74, -0.88, 0.63, 0.44, 0.49], [0.25, 0.2, 0.62, -0.86, 0.7, -0.33], [0.2, -0.15, 0.4, 0.86, 0.14, 0.53]]
354 : 30 : [[-0.71, -0.83, -0.16, 0.53, 0.93, -0.33], [0.71, 0.31, 0.2, 0.89, -0.27, -0.43], [0.51, 0.75, -0.11, -0.27, -0.45, 0.12], [0.35, -0.76, 0.81, 0.33, 0.42, -0.98], [-0.28, -0.55, -0.63, -0.52, -0.66, -0.08], [-0.88, 0.02, 0.97, -0.34, -0.84, -0.68], [-0.29, -0.28, -0.62, -0.76, 0.28, -0.14], [-0.8, -0.69, 0.36, -0.88, 0.87, -0.62]]
570 : 31 : [[0.26, -0.65, -0.83, 0.27, 0.87, 0.66], [0.07, 0.41, -0.96, 0.78, -0.13, -0.96], [-0.54, 0.44, 0.91, 0.43, -0.88, -0.25], [0.62, -0.23, 0.08, -0.25, 0.16, -0.78], [-0.92, -0.88, 0.5, 0.91, 0.05, -0.57], [0.52, -0.36, -0.79, -0.05, 0.87, 0.03], [0.69, -0.52, 0.87, 0.79, -0.18, 0.18], [0.69, -0.94, -0.88, -0.2, 0.59, -0.93]]
1553 : 32 : [[-0.06, -1.0, -0.95, 0.0, 0.89, -0.92], [-0.6, 0.37, -0.16, 0.07, -0.34, 0.99], [0.73, -0.9, 0.33, 0.8, 0.62, 0.85], [-0.84, -0.82, 0.64, 0.82, -0.08, -0.05], [-0.55, 0.25, 0.29, -0.03, 0.45, -0.17], [0.85, 0.63, -0.14, 0.17, 0.34, -0.03], [-0.64, -0.57, 0.43, -0.32, -0.37, 0.59], [-0.07, 0.7, -0.18, -0.72, 0.72, -0.63]]
1203 : 33 : [[-0.3, 0.57, 0.9, 0.1, 0.37, 0.32], [-0.83, 0.26, -0.59, -0.33, -0.19, 0.45], [0.59, -0.9, -0.44, 0.99, 0.84, -0.7], [-0.75, 0.12, 0.18, -0.74, -0.08, -0.64], [0.74, -0.16, 0.31, 0.88, -0.41, -0.3], [0.15, -0.84, -0.92, -0.84, -0.05, -0.54], [-0.66, 0.67, 0.03, 0.96, -0.89, 0.72], [-0.07, -0.82, -0.73, -0.89, -0.84, 0.11]]
448 : 34 : [[0.45, 0.34, 0.29, 0.5, 0.92, 0.98], [-0.97, -0.32, 0.33, 0.02, 0.52, -0.43], [-0.08, 0.55, 0.42, 0.93, 0.45, 0.32], [-0.04, 0.18, 0.4, 0.22, -0.67, -0.64], [0.91, -0.48, 0.55, -0.6, 0.93, -0.82], [-0.23, 0.02, 0.89, -0.97, 0.96, -0.63], [-0.8, 0.57, 0.36, 0.53, -0.3, -0.28], [0.59, 0.18, -0.52, -0.36, 0.35, -0.65]]
385 : 35 : [[-0.2, 0.02, -0.15, 0.94, -0.16, 0.53], [-0.81, -0.89, -0.76, -0.54, 0.81, 0.04], [-0.62, -0.35, 0.96, 0.92, 0.99, 0.83], [-0.96, 0.71, 0.2, -0.42, 0.28, 0.11], [0.52, 0.76, -0.55, -0.87, 0.09, -0.92], [0.0, -0.89, 0.03, -0.43, 0.85, -0.29], [-0.48, -0.03, -0.67, 0.4, -0.65, -0.92], [0.84, 0.56, -0.16, 0.43, 0.68, -0.81]]
1379 : 36 : [[-0.4, -0.13, -0.94, 0.79, -0.22, 0.78], [0.82, -0.42, -0.55, -0.44, -0.3, 0.0], [-0.7, -0.69, 0.92, 0.65, 0.78, -0.49], [0.38, 0.83, 0.86, 0.1, -0.29, 0.25], [0.15, -0.72, 0.6, -0.66, -0.6, 0.73], [0.73, -0.51, 0.43, -0.76, 0.41, 0.06], [-0.16, -0.44, -0.94, -0.47, -0.67, -0.63], [0.82, 0.66, -0.69, -0.42, -0.92, 0.09]]
437 : 37 : [[0.74, 0.91, -0.34, 0.36, -0.12, 0.79], [0.22, 0.2, -0.88, 0.03, -0.51, 0.41], [-0.77, -0.27, -0.04, -0.93, -0.23, 0.72], [0.35, -0.34, 0.32, -0.36, -0.79, 0.48], [-0.99, 0.8, -0.99, -0.37, -0.32, 0.33], [-0.78, 0.42, 0.43, -0.36, -0.06, 0.33], [-0.56, 0.56, 0.58, -0.51, -0.48, 0.81], [-0.38, 0.05, 0.39, -0.69, 0.64, -1.0]]
659 : 38 : [[0.13, -0.92, -0.86, 0.76, -0.56, -0.77], [0.89, 0.97, 0.21, -0.45, -0.42, 0.63], [-0.83, -0.98, 0.12, 0.8, 0.76, -0.4], [-0.11, -0.82, -0.03, -0.31, -0.63, -0.63], [0.32, 0.62, -0.31, 0.38, -0.58, 0.46], [-0.71, 0.37, 0.36, 0.68, -0.93, 0.53], [0.26, 0.53, 0.97, -0.66, 0.96, 0.87], [-0.06, 0.02, 0.62, -0.21, -0.9, 0.57]]
1326 : 39 : [[0.81, 0.97, 0.53, 0.23, -0.66, 0.95], [-0.23, 0.68, -0.73, 0.62, -0.76, 0.73], [-0.22, 0.42, -0.69, -0.14, 0.17, 0.59], [-0.38, -0.28, -0.76, 0.92, 0.82, -1.0], [0.5, 0.4, 0.05, -0.47, -0.81, 0.2], [-0.62, 0.87, -0.49, -0.44, 0.36, 0.81], [0.25, 0.22, -0.67, 0.18, -0.89, -0.03], [-0.57, 0.0, -0.23, 0.75, -0.69, 0.46]]
-9 : 40 : [[0.09, 0.23, -0.13, -0.19, -0.87, 0.79], [-0.39, 0.54, 0.08, -0.39, 0.11, -0.5], [-0.2, 0.12, 0.38, 0.54, 0.02, -0.58], [-0.41, 0.86, 0.25, -0.39, -0.87, -0.82], [-0.36, -0.73, -0.4, -0.07, -0.67, 0.62], [-0.28, -0.42, 0.71, 0.27, -0.23, -0.12], [-0.43, -0.09, 0.83, 0.25, 0.86, -0.8], [0.55, -0.17, 0.01, 0.87, -0.75, 0.2]]
317 : 41 : [[0.53, 0.57, -0.46, -0.2, -0.71, 0.6], [0.81, 0.69, 0.35, 0.08, 0.41, 0.71], [-0.84, 0.31, -0.46, -0.42, 0.16, 0.58], [-0.39, 0.61, -0.13, 0.98, -0.44, 0.33], [0.71, 0.48, -0.01, 0.79, 0.34, 0.49], [0.36, 0.91, 0.21, 0.34, 0.0, 0.78], [0.95, 0.12, 0.02, 0.19, -0.81, -0.29], [0.8, 0.46, 0.33, -0.79, 0.34, 0.81]]
487 : 42 : [[-0.89, 0.82, -0.33, -0.19, -0.07, -0.77], [-0.5, -0.23, -0.4, 0.36, -0.27, -0.54], [0.36, -0.4, -0.03, -0.89, 0.05, 0.37], [-0.41, -0.32, -0.9, 0.12, 0.31, 0.75], [0.85, 0.94, -0.41, -0.7, -0.81, 0.32], [-0.97, -0.2, -0.39, -0.99, 0.15, 0.62], [0.02, -0.41, -0.09, 0.78, 0.28, 0.26], [-0.66, 0.04, -0.63, -0.99, -0.98, 0.22]]
1285 : 43 : [[0.58, 0.45, 0.17, -0.9, 0.26, -0.88], [-0.11, -0.3, 0.73, 0.11, -0.78, -0.97], [-0.2, 0.41, 0.77, 0.99, -0.06, -0.4], [-0.51, -0.98, 0.58, -0.47, -0.86, -0.68], [0.72, 0.52, -0.11, -0.54, -0.9, 0.54], [0.82, 0.82, -0.33, 0.72, -0.93, -0.52], [-0.97, 0.69, -0.65, -0.13, 0.54, -0.32], [0.31, 0.5, -0.45, 0.55, -0.88, 0.41]]
1269 : 44 : [[-0.75, 0.48, 0.28, 0.56, -0.11, -0.98], [0.67, 0.94, 0.79, -0.08, 0.08, -0.82], [-0.49, 0.38, -0.26, 0.23, 0.33, 0.17], [0.25, -0.65, 0.48, -0.98, 0.64, -0.37], [0.0, -0.57, 0.16, -0.35, -0.08, 0.3], [0.05, -0.37, 0.86, -0.17, 0.97, -0.32], [-0.18, 0.97, -0.81, 0.41, 0.62, -0.88], [-0.39, -0.18, 0.41, 0.66, 0.45, 0.58]]
729 : 45 : [[0.67, -0.13, 0.22, -0.95, -0.61, -0.16], [0.79, 0.14, -0.44, -0.59, -0.22, 0.14], [-0.1, -0.53, 0.87, 0.52, -0.77, -0.78], [0.8, 0.9, -0.61, 0.94, 0.17, -0.23], [-0.8, -0.87, 0.93, -0.43, 0.3, 0.29], [-0.21, -0.89, 0.82, -0.68, 0.55, 0.16], [-0.37, 0.46, 0.05, 0.95, 0.38, -0.02], [-0.71, -0.8, -0.45, -0.22, -0.3, -0.7]]
1313 : 46 : [[-0.51, -0.36, 0.61, 0.1, 0.95, 0.82], [0.61, -0.15, 0.82, 0.31, 0.31, -0.17], [-0.45, 0.75, 0.84, -0.3, -0.07, -0.82], [0.4, 0.39, 0.12, -0.92, -0.08, 0.2], [-0.23, -0.66, -0.23, -0.97, 0.1, 0.69], [-0.54, 0.39, 0.82, 0.11, 0.27, 0.61], [-0.42, -0.32, -0.97, 0.94, 0.63, 0.38], [0.61, -0.8, 0.37, 0.33, -0.19, 0.46]]
920 : 47 : [[-0.83, 0.7, 0.45, 0.74, 0.02, 0.87], [0.27, 0.14, -0.62, 0.89, -0.43, 0.47], [-0.65, -0.78, -0.84, -0.41, 0.94, 0.66], [0.87, 0.86, 0.76, 0.69, -0.52, -0.93], [-1.0, 0.89, 0.09, 0.12, -0.66, -0.21], [-0.07, 0.24, 0.98, 0.33, 0.58, -0.91], [-0.39, 0.19, 0.02, -0.6, -0.6, -0.38], [-0.06, 0.77, 0.7, -0.19, -0.61, -0.89]]
575 : 48 : [[0.68, 0.13, 0.21, 0.0, -0.83, 0.2], [0.39, -0.02, -0.51, -0.74, -0.8, -0.96], [0.03, -0.29, -0.04, -0.44, 0.42, 0.57], [-0.94, -0.11, 0.29, -0.86, 0.1, -0.48], [-0.04, -0.73, 0.44, -0.53, 0.11, 0.73], [-0.44, -0.69, 0.89, 0.23, -0.87, -0.07], [0.22, -0.15, 0.76, -0.47, 0.85, 0.32], [-0.9, -0.1, -0.39, -0.72, 0.82, -0.19]]
643 : 49 : [[0.2, -0.69, -0.46, 0.04, 0.58, 0.74], [0.54, -0.89, -0.51, -0.69, -0.25, 0.47], [0.98, -0.46, 0.25, 0.79, -0.16, -0.27], [0.79, -0.68, 0.81, 0.81, -0.4, -0.08], [0.4, -0.7, -0.41, 0.04, -0.62, 0.83], [-0.72, -0.72, -0.86, -0.14, -0.1, 0.24], [-0.19, -0.09, 0.18, 0.92, -0.6, 0.97], [-0.02, 0.76, -0.49, 0.05, 0.48, 0.3]]
315 : 50 : [[-0.5, -0.68, 0.1, -0.9, -0.29, -0.81], [-0.42, 0.0, 0.43, 0.42, 0.62, 0.13], [-0.52, 0.9, -0.31, -0.88, 0.65, 0.36], [-0.86, -0.44, 0.72, -0.84, -0.93, 0.04], [0.2, 0.55, -0.01, 0.3, -0.74, 0.37], [0.52, -0.03, 0.3, 0.7, 0.07, -0.63], [-0.16, -0.08, -0.86, -0.91, 0.1, -0.06], [-0.48, -0.83, 0.5, -0.24, 0.5, -0.86]]
1616 : 51 : [[0.92, -0.44, 0.34, 0.92, -0.16, -0.99], [-1.0, -0.61, 0.82, -0.41, 0.44, 0.01], [0.27, 0.47, 0.5, -0.73, -0.35, -0.08], [-0.38, 0.35, -0.04, -0.17, 0.64, -0.53], [0.8, 0.71, 0.09, 0.49, -0.89, 0.1], [0.13, 0.34, -0.09, 0.69, 0.33, 0.84], [0.33, -0.41, 0.25, -0.6, 0.49, 0.06], [-0.46, -0.06, 0.5, 0.86, 0.68, -0.55]]
818 : 52 : [[0.71, -0.66, -0.97, 0.23, -0.61, -0.16], [0.13, -0.43, -0.86, -0.27, -0.59, 0.19], [0.81, 0.11, 0.16, 0.92, -0.24, -0.91], [-0.04, 0.65, -0.16, 0.53, -0.1, 0.04], [0.3, -0.72, -1.0, 0.59, 0.71, -0.9], [-0.39, -0.01, -0.33, 0.28, 0.17, 0.49], [-0.38, -0.24, -0.04, 0.16, 0.59, 0.81], [0.56, 0.89, 0.58, 0.88, 0.38, -0.37]]
1368 : 53 : [[0.24, 0.14, 0.55, -0.11, 0.15, 0.6], [0.4, 0.95, 0.77, 0.33, 0.64, -0.62], [-0.89, 0.68, 0.74, 0.69, -0.23, 0.46], [-0.43, 0.21, 0.91, 0.5, 0.57, -0.25], [0.0, 0.04, -0.91, -0.51, -0.4, -0.76], [-0.28, -0.2, 0.29, -0.02, 0.77, 0.14], [0.19, 0.47, 0.25, 0.96, -0.87, -0.27], [-0.32, -0.7, -0.44, 0.03, 0.52, 0.3]]
301 : 54 : [[0.66, -0.48, -0.41, 0.31, 0.83, 0.27], [-0.63, -0.97, 0.36, -0.51, -0.07, 0.13], [-0.98, 0.19, -0.52, 0.02, 0.19, 0.15], [-0.52, -0.34, 0.8, -0.7, 0.32, 0.76], [-0.82, -0.8, -0.71, -0.41, 0.59, -0.97], [-0.44, 0.15, 0.62, -0.67, -0.13, -0.69], [0.31, -0.58, 0.47, 0.52, 0.12, 0.87], [-0.16, 0.52, 0.64, 0.42, -0.6, -0.54]]
294 : 55 : [[-0.03, 0.94, 0.38, 0.91, -0.61, -0.46], [-0.18, -0.65, -0.79, -0.42, -0.73, 0.29], [0.8, 0.69, -0.51, -0.05, 0.72, 0.99], [-0.27, -0.02, 0.57, -0.16, -0.97, 0.74], [0.43, 0.46, -0.42, -0.74, 0.25, 0.04], [-0.88, 0.88, 0.4, 0.71, 0.4, 0.33], [0.86, 0.9, -0.47, 0.68, 0.62, -0.7], [0.37, -0.32, -0.8, -0.47, 0.68, -0.49]]
1278 : 56 : [[-0.04, 0.45, 0.48, -0.54, -0.01, -0.45], [0.29, 0.04, 0.06, -0.03, 0.94, -0.56], [-0.65, 0.62, 0.5, -0.09, 0.4, -0.18], [-0.66, -0.06, -0.01, 0.63, 0.6, -0.8], [0.08, -0.86, 0.49, -0.92, 0.29, -0.02], [-0.36, -0.89, -0.65, 0.38, 0.89, 0.93], [0.03, -0.26, 0.3, -0.33, 0.56, 0.02], [-0.99, 0.36, 0.53, 0.11, 0.16, -0.04]]
494 : 57 : [[-0.4, -0.41, 0.43, 0.51, 0.48, -0.53], [0.91, 0.87, -0.2, 0.96, 0.29, 0.7], [-0.68, -0.16, 0.41, -0.66, 0.29, 0.27], [-0.52, 0.66, 0.59, -0.86, 0.53, -0.82], [0.54, 0.39, -0.09, -0.72, 0.71, 0.15], [-0.99, -0.77, -0.6, 0.94, 0.69, 0.73], [-0.01, -0.67, 0.91, 0.2, -0.51, 0.18], [0.78, 0.65, 0.74, -0.76, 0.63, 0.73]]
812 : 58 : [[-0.07, -0.32, -0.59, -0.99, 0.17, -0.27], [0.78, -0.18, 0.92, -0.38, 0.08, -0.33], [-0.95, -0.49, 0.14, 0.55, -0.39, -0.02], [-0.26, 0.95, -0.18, -0.73, -0.81, 0.36], [-0.17, 0.34, 0.31, 0.09, 0.89, 0.21], [0.82, 0.52, 0.64, -0.3, -0.56, -0.53], [0.27, 0.35, 0.77, -0.85, 0.69, -0.27], [-0.2, -0.59, 0.23, 0.62, 0.29, 0.77]]
539 : 59 : [[0.1, 0.77, 0.99, 0.17, -0.37, 0.61], [0.11, 0.1, -0.8, -0.19, 0.06, -0.86], [-0.41, -0.33, -0.65, 0.9, -0.99, 0.03], [0.16, -0.9, -0.13, 0.47, 0.63, -0.4], [0.61, 0.37, 0.94, 0.7, 0.93, -0.71], [-0.4, -0.55, 0.04, 0.53, 0.15, -0.05], [-0.64, -0.69, 0.75, -0.6, 0.73, 0.63], [0.93, 0.24, -0.5, 0.07, 0.17, 0.08]]
543 : 60 : [[0.69, -0.49, 0.1, -0.52, 0.31, -0.75], [0.55, -0.46, -0.15, -0.98, -0.29, 0.3], [-0.41, 0.19, -0.21, -0.89, -0.85, -0.44], [0.64, 0.01, -0.53, -0.89, -0.68, -0.13], [0.89, -1.0, -0.15, -0.65, 0.92, -0.96], [0.69, 0.02, 0.83, -0.52, -0.62, -0.96], [-0.3, -0.14, 0.34, 0.85, -0.19, -0.76], [-0.97, 0.02, -0.55, -0.16, 0.4, -0.3]]
1895 : 61 : [[-0.94, 0.2, -0.08, -0.25, 0.55, -0.62], [-0.55, 0.38, -0.78, 0.4, 0.54, 0.68], [0.51, 0.63, -0.9, 0.51, -0.28, -0.83], [-0.69, -0.02, 0.55, 0.73, -0.86, -0.19], [0.68, 0.27, 0.38, 0.36, -0.17, 0.45], [0.93, -0.1, 0.62, -0.78, 0.12, 0.26], [0.87, -0.38, 0.38, -0.57, -0.4, 0.79], [0.79, 0.66, -0.63, 0.39, 0.0, 0.72]]
610 : 62 : [[0.03, 0.54, 0.59, 0.02, -0.2, 0.71], [0.13, -0.59, -0.86, -0.66, -0.69, -0.3], [-0.75, 0.22, 0.13, -0.63, -0.62, 0.02], [0.16, -0.68, 0.97, 0.34, 0.16, 0.27], [0.8, 0.04, -0.46, 0.92, 0.56, -0.2], [0.79, -0.19, 0.37, 0.5, -0.12, 0.72], [0.76, -0.17, 0.7, 0.01, 0.53, -0.05], [-0.12, 0.47, 0.71, 0.93, 0.77, 0.77]]
473 : 63 : [[0.5, -0.8, 0.08, -0.45, -0.56, 0.07], [0.98, 0.86, -0.59, -0.03, 0.97, 0.16], [0.38, -0.53, -0.33, -0.03, -0.1, -0.25], [-0.45, 0.68, 0.98, -0.11, -0.3, -0.09], [0.46, 0.45, 0.91, -0.17, -0.15, 0.24], [-0.73, 0.54, 0.28, 0.32, -0.57, -0.7], [0.16, 0.04, -0.16, -0.13, -0.92, 0.92], [-0.87, -0.62, 0.3, 0.07, -0.99, -0.11]]
509 : 64 : [[-0.95, 0.71, 0.2, 0.27, 0.76, -0.74], [-0.2, 0.57, -0.04, 0.95, 0.44, -0.58], [-0.73, -0.93, 0.57, 0.81, -0.23, -0.34], [-0.62, 0.29, -0.27, -0.75, -0.82, 0.07], [-0.79, -0.89, -0.74, -0.04, -0.61, 0.13], [0.28, -0.79, -0.78, -0.57, -0.06, 0.32], [0.85, -0.27, 0.72, 0.11, 0.0, 0.94], [-0.35, -0.87, -0.82, -0.39, 0.94, 0.9]]
827 : 65 : [[0.8, 0.14, -0.67, 0.73, -0.54, -0.33], [-0.71, -0.03, 0.95, -0.48, 0.83, -0.13], [0.19, -0.4, 0.89, -0.36, -0.26, 0.35], [0.91, 0.63, 0.25, 0.06, -0.78, 0.27], [0.25, -0.25, 0.96, 0.34, -0.16, -0.9], [0.59, -0.35, -0.3, 0.11, -0.68, 0.64], [0.85, 0.61, 0.84, 0.18, 0.02, -0.52], [0.77, -0.52, -0.23, -0.35, -0.5, 0.59]]
1371 : 66 : [[0.89, 0.56, 0.57, -0.28, 0.04, 0.94], [-0.65, 0.99, 0.0, 0.6, -0.45, 0.79], [0.18, -0.73, 0.67, 0.85, -0.98, -0.37], [-0.14, -0.32, 0.25, -1.0, 0.03, 0.9], [0.07, -0.16, 0.4, -0.54, 0.97, 0.39], [0.81, 0.9, -0.26, -0.97, 0.73, 0.75], [0.98, -0.63, -0.55, -0.81, -0.2, -0.94], [0.08, -0.13, 0.33, 0.31, 0.02, 0.87]]
130 : 67 : [[0.22, 0.24, -0.44, -0.92, -0.94, 0.15], [0.98, 0.89, 0.1, 0.78, -0.96, 0.01], [0.78, 0.74, -0.59, -1.0, 0.49, 0.23], [-0.66, -0.88, 0.71, -0.79, -0.41, -0.84], [0.47, 0.29, -0.13, 0.42, -0.81, 0.66], [-0.6, 0.95, -0.98, -0.64, 0.78, -0.32], [-1.0, -0.93, -0.26, 0.42, -0.98, -0.69], [0.73, -0.91, -0.26, -0.85, -0.09, 0.78]]
943 : 68 : [[0.24, -0.77, -0.02, 0.88, -0.65, 0.85], [-0.94, 0.06, -0.75, -0.15, 0.82, 0.24], [-0.95, -0.03, -0.02, -0.32, -0.69, 0.37], [0.52, -0.96, 0.99, -0.94, 0.9, -0.79], [0.96, 0.34, 0.78, 0.34, 0.28, -0.83], [-0.78, -0.05, -0.92, 0.23, 0.19, -0.75], [-0.98, -0.1, 0.88, 0.89, 0.67, -0.46], [0.55, -0.07, 0.28, 0.51, -0.85, 0.23]]
243 : 69 : [[-0.08, -0.52, 0.74, 0.16, 0.11, -0.45], [-0.05, 0.44, -0.61, -0.07, -0.59, -0.83], [0.2, 0.68, 0.18, 0.97, -0.21, 0.14], [0.5, 0.45, 0.4, -0.38, 0.92, -0.64], [0.68, 0.19, 0.07, -0.7, -0.7, 0.57], [-0.25, 0.15, 0.26, -0.95, -0.45, -0.76], [0.08, -0.25, 0.75, 0.53, 0.2, -0.37], [0.15, 0.0, -0.54, -0.91, -0.21, -0.54]]
1371 : 70 : [[0.17, 0.86, -0.25, 0.11, 0.25, 0.37], [-0.62, -0.8, -0.43, -0.46, -0.98, 0.86], [0.41, -0.78, 0.62, -0.58, -0.91, -0.4], [0.85, 0.09, 0.38, 0.29, -0.32, 0.25], [0.62, 0.99, 0.83, 0.57, 0.9, 0.03], [0.74, 0.26, 0.18, 0.81, 0.05, -0.93], [-0.83, -0.95, -0.01, 0.53, -0.46, -0.95], [-0.56, 0.8, 0.35, -0.05, -0.03, 0.13]]
1067 : 71 : [[-0.68, 0.77, -0.87, -0.38, 0.5, -0.66], [0.94, -0.93, -0.58, 0.71, -0.6, 0.11], [0.24, -0.21, 0.58, -0.9, -0.4, -0.83], [-0.86, -0.78, -0.32, 0.45, -0.35, -0.46], [-0.42, 0.78, 0.72, 0.54, -0.98, 0.87], [0.63, 0.99, -0.61, 0.92, -0.5, 0.74], [-0.42, 0.32, -0.09, -0.48, 0.55, -0.63], [-0.27, 0.34, 0.72, 0.08, 0.23, -0.38]]
537 : 72 : [[0.5, 0.76, -0.56, 0.18, -0.58, -0.62], [-0.85, -0.84, -0.5, -0.21, -0.61, 0.67], [0.2, -0.86, -0.87, 0.74, -0.4, 0.24], [0.23, 0.31, -0.17, -0.1, 0.97, -0.76], [0.62, -0.58, -0.13, -0.06, 0.78, 0.87], [-0.43, -0.86, -0.7, 0.59, -0.68, -0.87], [-0.04, -0.42, -0.7, 0.86, 0.29, 0.93], [0.29, 0.6, -0.69, 0.97, -0.43, -0.41]]
273 : 73 : [[-0.36, 0.15, 0.87, -0.51, -0.47, 0.69], [-0.49, -0.78, 0.3, -0.93, -0.22, 0.95], [-0.5, 0.43, 0.33, 0.89, -0.04, -0.74], [-0.87, -0.14, 0.12, -0.27, 0.8, -0.42], [-0.81, -0.15, -0.06, 0.59, 0.53, -0.09], [0.49, -0.51, 0.53, -0.61, 0.75, -0.1], [-0.16, -0.8, -0.43, -0.65, 0.92, -0.38], [-0.18, -0.02, 0.61, -0.32, -0.74, -0.12]]
1397 : 74 : [[0.53, 0.89, -0.43, 0.48, -0.93, -0.06], [-0.08, -0.19, -0.06, -0.23, 0.86, -0.1], [0.24, -0.31, 0.96, -0.06, 0.71, -0.46], [0.79, 0.31, 0.09, 0.36, 0.32, -0.73], [-0.84, -0.8, -0.54, -0.15, 0.21, 0.83], [0.32, -0.82, -0.88, 0.32, -0.3, 0.1], [-0.42, -0.47, -0.58, -0.22, 0.31, -0.54], [0.52, -0.08, 0.63, -0.7, 0.95, 0.07]]
489 : 75 : [[-0.43, -0.1, 0.71, -0.27, 0.78, -0.84], [0.35, 0.69, 0.33, 0.17, -0.29, 0.22], [-0.05, -0.25, -0.6, -0.52, -0.7, -0.97], [-0.27, 0.73, 0.07, 0.79, -0.17, -0.33], [-0.59, -0.33, -0.63, 0.28, 0.06, 0.22], [0.24, -0.61, -0.84, -0.44, 0.62, 0.43], [0.44, 0.04, 0.98, -0.58, 0.79, -0.71], [0.05, 0.48, -0.29, 0.25, -0.59, 0.9]]
814 : 76 : [[0.13822378490969853, 0.18700397059288115, -0.08260179542066134, -0.22356333662343528, -0.787690187276258, 0.7854324770588084], [-0.35055780515405044, 0.5819293880097753, 0.06313449838981641, -0.45346769428106315, 0.16685574727765345, -0.5171913301319386], [-0.1260777836057158, 0.1990956092112945, 0.29025150274938416, 0.5596184802161719, -0.04466869191554423, -0.6723115030197475], [-0.3728449777067052, 0.9552471974281069, 0.2672745996071345, -0.4549506400246162, -0.8314872346805209, -0.7269351819229568], [-0.4358448729681256, -0.7497641785082223, -0.3479387856880058, 0.012564620595544973, -0.7365872437460437, 0.7065199464663545], [-0.3397387942803584, -0.44983221910877125, 0.6625282340158578, 0.30673052555784935, -0.27995934181244897, -0.1471036463945785], [-0.45678083924569907, -0.18556601729857983, 0.780775078913902, 0.17326718419571988, 0.7701089278081511, -0.7872098091569626], [0.55, -0.17, 0.01, 0.87, -0.75, 0.2]]
1397 : 77 : [[0.013651464806939455, 0.13508301669106776, -0.07348463631793772, -0.09972140815479702, -0.9623879810638108, 0.8245038258121387], [-0.2990665558548379, 0.5111579161741948, 0.09929225845040811, -0.4820229743443479, 0.12439208180371773, -0.48645028608036467], [-0.20499088639789576, 0.15443336184786252, 0.2899657891372385, 0.4714181734656584, 0.09403090882019867, -0.5451997628345526], [-0.4948577886930033, 0.8257977816921979, 0.23281021121329898, -0.32636409344946354, -0.8917262054283568, -0.766170642109773], [-0.34016149103726867, -0.7509414848927295, -0.4596552355698124, -0.005823205792099828, -0.5817956084135004, 0.6449487006881871], [-0.22561436098025217, -0.4908668516029332, 0.7743802795631337, 0.27617910215052316, -0.21158473145874862, -0.022452774701143513], [-0.4023514433077015, -0.11909485514089216, 0.7764521331296363, 0.21353344077172526, 0.8800165441664181, -0.8757555604208307], [0.55, -0.17, 0.01, 0.87, -0.75, 0.2]]
1038 : 78 : [[0.14590190151654658, 0.18529475786301725, -0.13995593428471176, -0.18875487788332646, -0.7841083520790788, 0.7169364163068797], [-0.43397007718752234, 0.6193979833043579, 0.004132300398331259, -0.3919226364167162, 0.11100253379316045, -0.4689291340617531], [-0.19027472991236347, 0.15067750150556417, 0.4167354567253637, 0.580894336141627, -0.009755913016103096, -0.6352308422256377], [-0.38580213247796613, 0.8329811993665187, 0.30603569849977524, -0.4300504888592525, -0.7813266156387673, -0.7942940510654555], [-0.44097165231463514, -0.6405589259525886, -0.3234421924897337, -0.013148435510585338, -0.5804284692989734, 0.5844679355851219], [-0.349425985893425, -0.4155313151504985, 0.7970497405311809, 0.29377981477182935, -0.3005580548172469, -0.021065618097935918], [-0.4871808748958291, -0.0730496387665198, 0.8107431155626419, 0.302900036759036, 0.8257907258063644, -0.7294815252693425], [0.55, -0.17, 0.01, 0.87, -0.75, 0.2]]
